---------------------------------------------
one octave diatonic
---------------------------------------------

7  5  6  3  2  8  7  3  5  7  6  7  6  1  3  
7  8  1  3  1  3  5  8  4  6  1  4  3  1  2  
8  7  1  2  6  4  1  2  3  8  4  2  4  2  8  
5  1  4  3  7  1  3  7  4  2  3  8  4  1  5  
3  6  3  1  3  7  3  8  7  3  7  4  5  1  2  
4  7  4  2  4  6  7  2  8  3  4  3  4  3  1  
4  8  1  4  3  2  1  7  3  2  1  5  8  7  3  
7  1  7  5  1  7  8  7  5  1  6  8  5  8  4  
5  4  6  7  2  8  4  5  3  4  1  7  1  7  4  
1  5  8  7  6  7  1  5  2  5  8  1  7  5  3  

---------------------------------------------
two octave diatonic
---------------------------------------------

15 6  5  7  14 4  3  8  11 5  4  2  9  2  14 
4  8  3  11 13 9  14 6  13 10 5  13 3  1  13 
5  15 1  2  10 14 6  4  15 8  4  14 12 4  3  
8  12 13 5  11 1  6  13 4  12 11 5  2  7  11 
5  10 2  15 2  14 4  3  6  8  4  3  10 2  14 
7  8  7  6  3  10 1  12 4  7  15 8  15 13 8  
4  12 13 15 5  14 13 4  12 7  11 14 13 9  3  
9  12 1  6  15 1  11 13 10 15 12 6  3  9  1  
15 4  12 4  1  3  12 15 3  12 13 5  8  3  11 
13 10 5  13 12 8  9  2  1  3  13 2  10 2  8  
10 13 11 5  3  8  5  7  14 12 14 1  9  12 3  
4  10 14 15 7  8  12 10 1  9  12 3  14 3  13 
4  3  15 3  2  4  5  7  9  7  9  3  15 10 7  
11 12 14 4  12 8  5  14 9  7  14 4  2  5  3  
14 15 14 5  12 14 13 4  11 6  15 13 12 2  13 
6  3  2  15 14 2  4  6  15 1  14 1  15 10 5  
10 15 7  9  10 8  9  4  15 4  10 9  6  2  3  
13 5  1  2  1  6  1  9  7  9  12 8  1  14 3  
15 3  4  3  13 2  6  4  8  12 1  4  10 8  1  
13 9  8  3  12 6  7  10 5  15 4  13 8  13 9  
